corpus_bleu_score = [0.13767019608138123, 0.036535306064848616, 0.014172520700107568, 0.00669555237436416]
sacre_blue_score = {'score': 0.7644460298816873, 'counts': [5388, 366, 73, 23], 'totals': [24802, 23404, 22006, 20608], 'precisions': [21.724054511732923, 1.5638352418390018, 0.33172771062437517, 0.11160714285714286], 'bp': 0.7218474457903733, 'sys_len': 24802, 'ref_len': 32886}
rouge_scores = {'rouge-1': {'r': 0.12462988556413489, 'p': 0.15839892485706294, 'f': 0.13100360857690338}, 'rouge-2': {'r': 0.012600366730977917, 'p': 0.016016042405894295, 'f': 0.012718050209849625}, 'rouge-l': {'r': 0.11005528234266536, 'p': 0.13759456652594346, 'f': 0.11459914814183207}}
wer_scores = 1.0285785821589528
cer_scores = 0.8242725218645857
corpus_bleu_score_with_tf = [0.41957554416952897, 0.24834615616937838, 0.14725489174334158, 0.08799486430237342]
sacre_blue_score_with_tf = {'score': 8.014761338199927, 'counts': [13138, 4208, 1425, 464], 'totals': [31395, 29997, 28599, 27201], 'precisions': [41.847427934384456, 14.028069473614028, 4.982691702507081, 1.705819638983861], 'bp': 0.9536184464976748, 'sys_len': 31395, 'ref_len': 32886}
rouge_scores_with_tf = {'rouge-1': {'r': 0.2926528310459349, 'p': 0.35833209640378605, 'f': 0.3204841103221059}, 'rouge-2': {'r': 0.08567734637762904, 'p': 0.09444015803326831, 'f': 0.08945766622770564}, 'rouge-l': {'r': 0.2778963094847112, 'p': 0.34004535299391647, 'f': 0.3042129412198597}}
wer_scores_with_tf = 0.7472637527720152
cer_scores_with_tf = 0.5901679414798167
