corpus_bleu_score = [0.11488262012251965, 0.03178009454593889, 0.012898030369448046, 0.005802461066822623]
sacre_blue_score = {'score': 0.6774601473786601, 'counts': [4879, 346, 79, 18], 'totals': [21777, 20379, 18981, 17583], 'precisions': [22.404371584699454, 1.6978261936306982, 0.4162056793635741, 0.10237160894045384], 'bp': 0.6004203044320262, 'sys_len': 21777, 'ref_len': 32886}
rouge_scores = {'rouge-1': {'r': 0.11108108595461871, 'p': 0.14960700692304763, 'f': 0.12035828298586339}, 'rouge-2': {'r': 0.01523025277404042, 'p': 0.017603997381166876, 'f': 0.014431725978967058}, 'rouge-l': {'r': 0.10007432184049439, 'p': 0.13298870792439693, 'f': 0.10763990946530336}}
wer_scores = 0.9983189069318263
cer_scores = 0.7993465961594639
corpus_bleu_score_with_tf = [0.41383470693670205, 0.24186488498305717, 0.13873570530499643, 0.07975593839750078]
sacre_blue_score_with_tf = {'score': 7.1971004092719, 'counts': [13007, 4047, 1247, 362], 'totals': [31311, 29913, 28515, 27117], 'precisions': [41.54131136022484, 13.529234780864508, 4.373136945467298, 1.3349559317033595], 'bp': 0.9509423764444003, 'sys_len': 31311, 'ref_len': 32886}
rouge_scores_with_tf = {'rouge-1': {'r': 0.2907827975079008, 'p': 0.35556976842609817, 'f': 0.31835475003783226}, 'rouge-2': {'r': 0.08501523816751709, 'p': 0.09576128159503138, 'f': 0.0894531881690052}, 'rouge-l': {'r': 0.27411541276022994, 'p': 0.33490920218251335, 'f': 0.30006505951577916}}
wer_scores_with_tf = 0.7524858716646399
cer_scores_with_tf = 0.5942338303415466
